[LogicGate, OR, Double, Delay, Degrade, ResCompete]
init = 
	Inde = [1],
	Indi = [0],
	Ind  = [1],
	mRNA1= [0],
	Pep1 = [0],
	mRNA2= [0],
 	Pep2 = [0],
	mRNA3= [0],
	Pep3 = [0]
	
tspan =
	[0, 720, 73]

parameter_values = 
	syn_mRNA1 = 3.891316e-07,
	syn_mRNA2 = 1.007452e-06,
	syn_mRNA3 = 1.367640e-07,
	deg_mRNA  = 1.357000e-01,
	syn_Pep   = 7.257410e-03,	
	deg_Pep   = 2.311130e-03,
	Pepmax    = 7.229963e-07,
	Km        = 3.208060e+00,
	deg_Ind   = 3.744965e-03,
	Ratio     = 1.607916e-01,
	state1    = 0,
	state2    = 0

fixed_parameters = 
	[deg_mRNA, Pepmax, Km, deg_Ind, Ratio, state1, state2]

